ct04013_e01->1
coords->29
575,295,575,325,615,326,616,334,632,333,632,331,635,331,636,322,632,320,617,320,616,313,635,312,635,320,654,320,654,295->1
ct04013_d01->1
ct04013_b09->1
area->29
ffffff->1
ct04013_b08->1
ct04013_b07->1
ct04013_c01->1
census->2
ct04013_b06->1
ct04013_b05->1
ct04013_b04->1
ct04013_b03->1
414,219,414,289,452,289,451,282,458,282,458,288,464,289,464,295,494,295,494,219->1
ct04013_b02->1
ct04013_b01->1
575,339,585,339,585,357,591,358,591,370,576,370->1
575,295,656,295,655,256,646,256,646,244,617,243,616,241,608,241,576,248->1
ct04013_a01->1
rect->3
title->31
border->1
body->2
href->29
483,142,487,138,487,134,492,129,492,127,490,124,494,123,494,142->1
map->4
575,213,542,213,541,261,534,263,534,268,547,269,566,257,574,256->1
poly->26
head->2
shape->29
226,21,232,32,241,30,236,40,223,41,216,41,216,22->1
src->1
9,485,287,677->1
610,193,609,211,595,212,594,197,586,207,578,204,578,248,600,247,606,241,617,241,617,243,646,244,646,255,856,256,827,193->1
10,22,9,193,286,193,286,38,226,21,232,32,241,30,236,40,223,41,216,41,216,22->1
386,219,370,219,369,221,374,222,374,226,372,226,372,225,369,225,369,228,366,229,364,233,362,233,361,228,355,233,352,233,352,230,359,224,359,220,386,219->1
img->1
usemap->1
494,219,494,164,497,164,506,172,517,177,519,178,547,185,556,195,568,207,571,209,575,206,575,213,541,212,541,219->1
413,155,393,156,392,158,386,168,384,180,381,180,381,162,378,162,378,161,349,161,338,173,333,174,333,180,375,181,375,191,380,193,380,199,389,200,383,209,386,218,413,219->1
276,289,296,301->1
name->1
tracts->32
495,120,505,108,511,105,514,93,514,88,511,84,512,75,515,75,513,66,540,65,541,142,528,142,528,135,501,134,498,142,494,142->1
ct04013_008->1
ct04013_007->1
ct04013_006->2
286,485,426,678->1
ct04013_005->2
ct04013_004->1
county->1
ct04013_003->1
413,155,419,155,420,142,426,142,426,148,451,148,451,160,459,161,459,153,476,155,476,152,479,155,482,155,482,151,484,150,483,142,493,142,494,151,489,158,490,162,494,163,494,219,413,219->1
ct04013_002->1
ct04013_001->1
578,192,601,192,605,185,611,186,611,193,827,193,813,164,794,180,787,190,775,188,746,157,745,143,727,129,727,117,730,114,726,107,731,99,725,89,724,76,717,69,719,55,706,58,703,32,709,31,703,19,688,21,603,23,578,19->1
pdf->29
610,185,605,185,605,188,601,193,593,197,595,212,609,211->1
618,370,617,358,634,358,636,361,655,361,654,319,636,320,634,313,616,313,616,320,632,320,636,322,635,330,632,333,627,333,626,332,623,332,623,333,616,335,617,326,578,326,577,339,585,339,585,357,591,358,591,370->1
0->1
2000->2
494,333,494,319,489,319,489,321,469,321,470,327,447,327,453,332->1
655,371,654,361,636,362,636,358,617,359,617,372->1
414,220,386,220,387,237,362,238,363,270,369,270,370,276,377,276,377,270,388,270,388,278,394,278,394,270,413,269->1
alt->1
html->1
575,370,575,295,495,296,495,299,506,295,511,300,508,301,503,306,502,312,494,312,494,332,539,332,539,370->1
bgcolor->1
index->2
ct04013_b13->2
maricopa->2
ct04013_b12->1
10,194,10,484,286,485,286,302,277,302,276,289,286,289,286,193->1
ct04013_b11->2
470,296,471,302,475,305,494,299,494,295->1
ct04013_b10->1
494,219,494,295,575,295,575,256,566,256,546,269,534,269,534,263,541,261,541,219->1
tracts.jpg->1
